População por Genêro e por Zona de Residência  - 2012;;;
Zona;Masculino;Feminino;Total
1;221590.1980096;264944.801968;486534.999977592
2;296806.915167999;325560.085074899;622367.000242904
3;333138.750111;387161.250128999;720300.000240005
4;401290.813367997;517298.187143994;918589.000511984
5;94621.9496624999;112964.050674;207586.000336504
6;246685.616872199;286124.383205999;532810.000078199
7;163423.756143;196556.243689801;359979.999832805
8;160652.424123899;177196.576201699;337849.000325597
9;229172.676717599;243723.322858398;472895.99957601
10;350749.922406001;394457.077846002;745207.000251993
11;187103.794539701;215419.205582801;402523.000122494
12;207248.665333501;227768.335168502;435017.000501992
13;236074.516439998;252262.483281598;488336.999721603
14;70207.7645516;84649.2351081004;154856.999659702
15;108006.980138099;136225.019993999;244232.000132097
16;118132.9275386;144643.0726949;262776.000233503
17;235366.195920899;234717.804196599;470084.000117495
18;365040.776343998;453974.223271997;819014.999615995
19;382075.467973003;364369.531652302;746444.9996253
20;410130.480641001;443610.519877002;853741.000517992
21;230618.3478732;280419.6522312;511038.000104394
22;159748.547514301;167103.453016801;326852.000531102
23;123371.376033;153409.6241106;276781.0001436
24;272214.824903998;264023.175080498;536237.999984493
25;662825.799539001;717462.199501003;1380287.99904002
26;664693.219617002;687530.780508003;1352224.00012503
27;675977.596082999;740936.404114998;1416914.00019798
28;597812.577068002;569420.423012001;1167233.00008002
29;370031.078433004;393768.921200405;763799.999633411
30;122814.772317801;133555.227691601;256370.000009399
31;870360.872724993;872458.127839993;1742819.00056501
Total;9567989.60411;10443713.3979268;20011703.0020306
